% bbGt version=3
Motorbike 197 603 32 32 0 0 0 0 0 0 0
Car 33 600 82 42 0 0 0 0 0 0 0
Car 102 597 68 39 0 0 0 0 0 0 0
Car 250 581 114 49 0 0 0 0 0 0 0
Car 136 569 95 44 0 0 0 0 0 0 0
Car 237 584 51 40 0 0 0 0 0 0 0
Car 346 589 58 41 0 0 0 0 0 0 0
Motorbike 854 621 38 39 0 0 0 0 0 0 0
People 514 585 20 37 0 0 0 0 0 0 0
People 34 631 29 47 0 0 0 0 0 0 0
People 142 634 22 45 0 0 0 0 0 0 0
People 163 656 20 25 0 0 0 0 0 0 0
People 188 644 20 39 0 0 0 0 0 0 0
People 209 647 30 35 0 0 0 0 0 0 0
People 252 647 33 34 0 0 0 0 0 0 0
People 295 645 115 35 0 0 0 0 0 0 0
