% bbGt version=3
People 550 613 54 139 0 0 0 0 0 0 0
People 495 621 53 152 0 0 0 0 0 0 0
People 395 600 53 158 0 0 0 0 0 0 0
People 161 612 71 91 0 0 0 0 0 0 0
People 76 620 39 62 0 0 0 0 0 0 0
People 244 625 36 74 0 0 0 0 0 0 0
People 266 633 31 71 0 0 0 0 0 0 0
People 293 626 30 72 0 0 0 0 0 0 0
People 326 624 39 117 0 0 0 0 0 0 0
People 360 605 62 147 0 0 0 0 0 0 0
People 458 642 41 94 0 0 0 0 0 0 0
People 627 632 37 110 0 0 0 0 0 0 0
People 49 634 34 54 0 0 0 0 0 0 0
People 114 639 20 45 0 0 0 0 0 0 0
Car 7 673 461 211 0 0 0 0 0 0 0
Car 606 650 148 77 0 0 0 0 0 0 0
