% bbGt version=3
Car 444 520 93 64 0 0 0 0 0 0 0
Car 339 516 92 60 0 0 0 0 0 0 0
Car 234 534 137 79 0 0 0 0 0 0 0
Car 614 535 202 77 0 0 0 0 0 0 0
Car 680 556 341 119 0 0 0 0 0 0 0
People 70 528 57 140 0 0 0 0 0 0 0
People 174 511 70 116 0 0 0 0 0 0 0
People 359 542 100 133 0 0 0 0 0 0 0
People 253 562 120 106 0 0 0 0 0 0 0
People 35 495 35 57 0 0 0 0 0 0 0
People 771 546 159 148 0 0 0 0 0 0 0
People 126 516 30 47 0 0 0 0 0 0 0
People 120 543 61 133 0 0 0 0 0 0 0
People 134 589 97 85 0 0 0 0 0 0 0
People 217 601 64 75 0 0 0 0 0 0 0
People 6 522 45 147 0 0 0 0 0 0 0
People 61 507 43 118 0 0 0 0 0 0 0
People 160 509 39 49 0 0 0 0 0 0 0
Bus 3 458 185 84 0 0 0 0 0 0 0
People 648 522 36 42 0 0 0 0 0 0 0
