% bbGt version=3
Car 261 396 61 49 0 0 0 0 0 0 0
Car 302 353 47 41 0 0 0 0 0 0 0
Car 344 356 20 22 0 0 0 0 0 0 0
Car 356 342 20 17 0 0 0 0 0 0 0
Car 419 346 25 20 0 0 0 0 0 0 0
Car 506 331 42 16 0 0 0 0 0 0 0
Car 486 334 24 24 0 0 0 0 0 0 0
Car 413 296 56 16 0 0 0 0 0 0 0
Bus 392 318 24 22 0 0 0 0 0 0 0
Motorbike 427 321 16 15 0 0 0 0 0 0 0
People 716 373 13 32 0 0 0 0 0 0 0
People 732 383 19 32 0 0 0 0 0 0 0
People 155 420 25 28 0 0 0 0 0 0 0
People 209 403 15 33 0 0 0 0 0 0 0
People 100 357 18 25 0 0 0 0 0 0 0
People 116 359 16 23 0 0 0 0 0 0 0
